2228337484
378019964
339028007
2575481960
2996924893
1599808865
2850544854
79287609
1321870998
2385580353
1663441668
13288302
1339712496
2893958564
740825453
160733880
115308132
623162005
1106958174
175801062
3025554685
2407591249
2500679392
2973475216
171832854
1003132054
3094453079
2413520285
2788229376
761384303
2262387679
3091229190
60833803
70360650
108164538
1724368629
114756800
190024940
531938797
495019411
3235792520
122566538
1699359566
1052865784
2661379124
29280
2977593138
1931480855
2765449781
3149976836
187627009
659965910
2508366599
1726490534
1688589423
1977223082
2613851050
340026849
2487910706
2816734702
535537569
487833186
3050719388
417146268
1860638609
889162602
3039093867
2893812925
2527394836
883935220
2922474692
2520304308
1104425810
1134979807
1631311701
2391725030
921254958
1314577403
901470800
1566180039
270391328
2665680544
1653047944
1141491883
2739922742
1111247298
1245973420
2561608612
884473974
2399300439
405922557
1375979441
3184373091
120629350
2004104579
1538803660
2748791133
484147999
1812410913
2756691091
2390585506
50813900
3131306055
2642004919
135006399
897430852
2642004919
341222413
2593903297
2798065662
489858100
1590173429
4571386
2437514433
2456040094
1495269409
842021696
89904472
171832169
3052265899
3301428997
2433688131
1859538361
2837558210
200966549
795977446
2049860641
2829060119
1831462164
455425946
1298354992
2514376946
66587571
444052573
663394070
1821780137
1651940388
1132506416
1818367266
1818367266
2007551210
2348848640
193039589
1429239433
973919771
281168140
3275072141
1565148838
2984311298
1827688029
417947630
2067416391
1482050240
376085091
1958794236
362352537
2901993178
962672534
171470219
2901993178
2422912891
103483162
465936498
465936498
3116518376
124589580
2042083605
1830779657
1287241915
1853167637
57781544
1650989718
916966222
182905127
1912852906
1329860351
437000825
2788184005
2876038986
1231085698
3104697328
3104697328
621378031
1932574840
2710478659
3091963792
1547098029
3056106516
1428884039
654140783
3121805893
606657974
1978948423
145153137
73549478
1381554083
1576315081
2029180633
448880972 
418237714
1791181850
1462683514
123986659
1358895136
3124045230
2879599768
2594137875
2475199353
60935213
112540640
958004396
97556504
3230240766
2015204471
1116137508
2293691159
1615578206
487518207
218371205
2460910564
2712697356
247940947
529269925
2601494535
2042986005
3207771539
3209181425
2798050141
524256280
2246732664
314016391
3184246497
3072337794
2495349052
2011142952
1344509408
665408643
87794095
817667951
87794095
3140798308
1381665221
3135089339
2499617620
1621761232
2791021462
3153330246
2445068538
8753306822
3233318434
62639400
3108079130
578196471
3270320985
456225692
77391858
2884935715
2459866403
2411552526
114864026
3152331684
457570273
2578531818
2621029081
2883109598
3238443417
1952105233
338267702
2925928635
2872045364
2292900883
3161015551
359164805
3350840597
412840537
544952063 
2612806442
1643057813
1355514149
31598955
1796663810
1247042297
715886164
1628063757
34670303
2007210059
1282476912
30408266
2530949622
